             v2.0_ds2_camob1_13pca_map20.fits         139.803          142.59        -2.00461         1.39139
            v2.0_ds2_gemob1a_13pca_map20.fits          190.39          193.62       -0.615164        0.614836
            v2.0_ds2_gemob1b_13pca_map20.fits         187.387         190.563       -0.118809         1.12119
             v2.0_ds2_ic1396_13pca_map20.fits         97.5711         100.818         2.17943         5.40943
         v2.0_ds2_iras_22172_13pca_map20.fits         102.077         103.744        -1.17161      -0.0976097
               v2.0_ds2_l000_13pca_map20.fits        0.450799         359.427       -0.638143        0.629857
               v2.0_ds2_l001_13pca_map20.fits        0.451649         1.45165       -0.645107        0.626893
               v2.0_ds2_l004_13pca_map20.fits         1.45471         4.49873        -1.57929         1.60871
               v2.0_ds2_l006_13pca_map20.fits         4.50055         7.43256       -0.643845        0.692155
               v2.0_ds2_l009_13pca_map20.fits         7.43534         10.5313       -0.642664        0.647336
               v2.0_ds2_l012_13pca_map20.fits         10.5327         13.4487       -0.629298        0.680702
               v2.0_ds2_l015_13pca_map20.fits         13.4491         16.5951        -1.63018         1.62382
               v2.0_ds2_l018_13pca_map20.fits         16.5972         21.5436        -1.38405         0.95595
               v2.0_ds2_l024_13pca_map20.fits         21.5405         25.1105       -0.655694        0.648306
               v2.0_ds2_l028_13pca_map20.fits         25.1113         28.4733       -0.673779        0.646221
               v2.0_ds2_l029_13pca_map20.fits         28.4735         29.4095        -0.66168         0.63832
               v2.0_ds2_l030_13pca_map20.fits          29.411          30.457         -1.6241          1.6179
               v2.0_ds2_l031_13pca_map20.fits         30.4575         31.5775        -1.62235         1.61765
               v2.0_ds2_l032_13pca_map20.fits         31.5787         33.5427       -0.618778        0.595222
               v2.0_ds2_l035_13pca_map20.fits         33.5447         35.4507       -0.626972        0.619028
               v2.0_ds2_l036_13pca_map20.fits         35.4525         36.5545       -0.632131        0.609869
               v2.0_ds2_l040_13pca_map20.fits         36.5554         43.5414       -0.626474        0.617526
               v2.0_ds2_l045_13pca_map20.fits         43.5426         48.4646        -0.61987         0.61813
               v2.0_ds2_l050_13pca_map20.fits         48.4652         52.5352       -0.632841        0.671159
               v2.0_ds2_l055_13pca_map20.fits         52.5354         58.4054       -0.653421        0.654579
               v2.0_ds2_l060_13pca_map20.fits         58.4059         63.5299       -0.635308        0.636692
               v2.0_ds2_l065_13pca_map20.fits         63.5334         69.5454        -0.66552         0.66648
               v2.0_ds2_l072_13pca_map20.fits          69.547          75.391       -0.663225        0.680775
               v2.0_ds2_l077_13pca_map20.fits         75.3928         77.5848        -2.58447         2.55753
               v2.0_ds2_l079_13pca_map20.fits          77.584          79.654        -2.57847         2.60153
               v2.0_ds2_l080_13pca_map20.fits         79.6568         80.4848        -1.66048         1.64952
               v2.0_ds2_l081_13pca_map20.fits          80.488          81.544        -1.66521         1.64479
               v2.0_ds2_l082_13pca_map20.fits         81.5456         84.5557         -1.7716          1.7184
               v2.0_ds2_l086_13pca_map20.fits         84.5565         87.5846        -1.79684         1.62716
               v2.0_ds2_l089_13pca_map20.fits          87.584          90.132       -0.505474        0.500526
               v2.0_ds2_l106_13pca_map20.fits         105.072         106.552       -0.510247        0.819753
            v2.0_ds2_l110.5n_13pca_map20.fits         109.908         110.966      -0.0674697         1.07653
            v2.0_ds2_l110.5s_13pca_map20.fits         109.912         110.964        -1.08561      -0.0696087
            v2.0_ds2_l111.5n_13pca_map20.fits         110.968          112.15      -0.0737381         1.07826
            v2.0_ds2_l111.5s_13pca_map20.fits         110.964         112.143         -1.0843      -0.0723047
              v2.0_ds2_l111n_13pca_map20.fits         108.399         112.597         1.07775         3.28375
              v2.0_ds2_l111s_13pca_map20.fits         109.913         112.234        -2.18271        -1.08471
              v2.0_ds2_l111w_13pca_map20.fits         106.555         109.907        -1.82112        0.954882
               v2.0_ds2_l119_13pca_map20.fits         117.759         121.037         1.89481          4.2553
               v2.0_ds2_l123_13pca_map20.fits         122.164         125.203         1.81882         3.49168
               v2.0_ds2_l126_13pca_map20.fits         125.171          126.23         1.39086         2.46686
               v2.0_ds2_l129_13pca_map20.fits         128.298          130.12       -0.707035        0.924965
               v2.0_ds2_l154_13pca_map20.fits         153.985         155.667         1.75089         3.01689
               v2.0_ds2_l169_13pca_map20.fits         167.379         171.462        -1.34459        0.707409
               v2.0_ds2_l181_13pca_map20.fits          180.01         182.202         3.80209         5.00009
               v2.0_ds2_l182_13pca_map20.fits         180.656         184.066         -1.0627         1.53498
               v2.0_ds2_l195_13pca_map20.fits         194.598         197.242        -2.25154        0.936917
               v2.0_ds2_l201_13pca_map20.fits         200.909         202.225       -0.387517        0.982483
               v2.0_ds2_l217_13pca_map20.fits         216.731         218.645       -0.755229        0.284772
               v2.0_ds2_l351_13pca_map20.fits         349.372          352.45       -0.644914        0.619086
               v2.0_ds2_l354_13pca_map20.fits          352.45          355.48       -0.623674        0.642326
               v2.0_ds2_l357_13pca_map20.fits         355.482         358.398       -0.640106        0.635894
               v2.0_ds2_l359_13pca_map20.fits           358.4         359.426        -0.64618         0.62182
              v2.0_ds2_monr2_13pca_map20.fits         212.156         214.928        -13.5152        -10.7372
            v2.0_ds2_ngc2264_13pca_map20.fits         201.862         204.066         1.55293         2.87293
        v2.0_ds2_orionAspine_13pca_map20.fits         210.127         214.771        -20.4576        -17.9818
             v2.0_ds2_orionB_13pca_map20.fits         205.049         208.409         -17.819        -14.5972
        v2.0_ds2_orionBnorth_13pca_map20.fits         202.715           205.3        -12.9178        -10.8011
              v2.0_ds2_sh235_13pca_map20.fits         170.635         175.235         1.83335         3.16935
                 v2.0_ds2_w3_13pca_map20.fits         132.359         135.001       -0.584744         2.60726
                 v2.0_ds2_w5_13pca_map20.fits         134.999         139.631        -1.58722         3.24478
